10
0 1
0 2
0 3
1 4
1 5
2 6
2 7
3 8
3 9
4 6
4 8
5 7
5 9
6 9
7 8
0 0
18
0 1
0 2
0 3
1 4
1 5
2 6
2 7
3 8
3 9
4 6
4 8
5 7
5 9
6 10
7 11
8 12
9 13
10 14
10 15
11 14
11 16
12 15
12 17
13 16
13 17
14 17
15 16
0 0
18
0 1
0 2
0 3
1 4
1 5
2 6
2 7
3 8
3 9
4 6
4 8
5 7
5 10
6 9
7 11
8 12
9 13
10 14
10 15
11 14
11 16
12 15
12 17
13 16
13 17
14 17
15 16
0 0
26
0 1
0 2
0 3
1 4
1 5
2 6
2 7
3 8
3 9
4 6
4 8
5 7
5 10
6 11
7 12
8 13
9 14
9 15
10 16
10 17
11 18
11 19
12 20
12 21
13 22
13 23
14 16
14 20
15 17
15 24
16 24
17 25
18 21
18 22
19 24
19 25
20 22
21 23
23 25
0 0
26
0 1
0 2
0 3
1 4
1 5
2 6
2 7
3 8
3 9
4 6
4 8
5 7
5 10
6 11
7 12
8 13
9 14
9 15
10 16
10 17
11 18
11 19
12 20
12 21
13 22
13 23
14 16
14 22
15 17
15 24
16 24
17 25
18 20
18 23
19 24
19 25
20 22
21 23
21 25
0 0
26
0 1
0 2
0 3
1 4
1 5
2 6
2 7
3 8
3 9
4 6
4 8
5 7
5 10
6 11
7 12
8 13
9 14
9 15
10 16
10 17
11 18
11 19
12 20
12 21
13 22
13 23
14 16
14 24
15 20
15 25
16 25
17 22
17 24
18 21
18 23
19 24
19 25
20 23
21 22
0 0
22
0 12
0 14
0 16
1 5
1 6
1 20
2 4
2 19
2 21
3 7
3 15
3 16
4 5
4 10
5 17
6 7
6 8
7 19
8 9
8 12
9 11
9 21
10 11
10 14
11 18
12 13
13 15
13 17
14 15
16 17
18 19
18 20
20 21
0 0
22
0 14
0 18
0 20
1 6
1 9
1 19
2 4
2 7
2 11
3 5
3 8
3 15
4 5
4 14
5 12
6 7
6 10
7 15
8 9
8 16
9 21
10 13
10 18
11 17
11 21
12 13
12 19
13 17
14 15
16 17
16 20
18 19
20 21
0 0
20
0 4
0 8
0 12
1 5
1 13
1 14
2 4
2 7
2 9
3 5
3 7
3 8
4 5
6 7
6 16
6 18
8 9
9 11
10 11
10 16
10 19
11 13
12 13
12 15
14 17
14 18
15 17
15 19
16 17
18 19
0 0
20
0 4
0 8
0 12
1 5
1 14
1 16
2 4
2 7
2 9
3 5
3 7
3 8
4 5
6 7
6 10
6 14
8 9
9 11
10 12
10 17
11 13
11 15
12 13
13 18
14 19
15 17
15 19
16 17
16 18
18 19
0 0
5
0 1
1 2
2 3
3 4
4 0
0 2
2 4
4 1
1 3
3 0
0 0
6
0 1
0 2
0 3
0 4
0 5
1 2
1 3
1 4
1 5
2 3
2 4
2 5
3 4
3 5
4 5
0 0
7
0 1
0 2
0 3
0 4
0 5
0 6
1 2
1 3
1 4
1 5
1 6
2 3
2 4
2 5
2 6
3 4
3 5
3 6
4 5
4 6
5 6
0 0
6
0 1
2 3
3 4
4 1
2 5
5 0
0 0
8
0 1
2 4
1 3
3 4
2 5
5 6
6 7
7 0
0 0
10
0 1
2 4
1 3
3 4
2 5
5 6
6 7
7 8
8 9
9 0
0 0
7
0 1
0 2
0 3
0 4
0 5
0 6
0 0
8
0 1
0 2
0 3
0 4
0 5
0 6
0 7
0 0
9
0 1
0 2
0 3
0 4
0 5
0 6
0 7
0 8
0 0
12
0 3
1 9
0 4
4 5
5 7
2 3
3 6
6 7
7 11
6 10
2 10
2 8
8 9
1 11
11 10
0 0
6
0 5
1 2
5 2
1 3
3 4
4 0
0 0
8
0 2
1 3
2 3
1 4
4 5
5 6
6 7
7 0
0 0
13
0 10
1 12
10 8
8 7
7 6
6 3
3 9
9 10
0 11
11 12
1 2
2 3
3 4
3 5
0 0
7
0 2
1 3
2 3
1 6
3 4
4 5
0 0
14
0 1
0 2
0 3
1 4
1 5
2 4
2 5
3 4
3 6
5 7
6 7
6 8
7 9
8 10
8 11
9 12
9 13
10 12
10 13
11 12
11 13
0 0
14
0 1
0 2
0 3
1 4
1 5
2 4
2 5
3 4
3 6
5 7
6 8
6 9
7 10
7 11
8 10
8 12
9 11
9 12
10 13
11 13
12 13
0 0
14
0 1
0 2
0 3
1 4
1 5
2 4
2 5
3 6
3 7
4 8
5 9
6 8
6 9
7 10
7 11
8 12
9 13
10 12
10 13
11 12
11 13
0 0
14
0 1
0 2
0 3
1 4
1 5
2 4
2 5
3 6
3 7
4 8
5 9
6 8
6 10
7 8
7 11
9 12
9 13
10 12
10 13
11 12
11 13
0 0
14
0 1
0 2
0 3
1 4
1 5
2 4
2 5
3 6
3 7
4 8
5 9
6 8
6 10
7 9
7 11
8 12
9 13
10 12
10 13
11 12
11 13
0 0
14
0 1
0 2
0 3
1 4
1 5
2 4
2 6
3 5
3 6
4 7
5 8
6 9
7 10
7 11
8 10
8 12
9 11
9 12
10 13
11 13
12 13
0 0
14
0 1
0 2
0 3
1 4
1 5
2 4
2 6
3 5
3 7
4 8
5 9
6 8
6 10
7 9
7 11
8 12
9 13
10 12
10 13
11 12
11 13
0 0
14
0 1
0 2
0 3
1 4
1 5
2 4
2 6
3 5
3 7
4 8
5 9
6 8
6 10
7 10
7 11
8 12
9 12
9 13
10 13
11 12
11 13
0 0
14
0 1
0 2
0 3
1 4
1 5
2 4
2 6
3 5
3 7
4 8
5 9
6 9
6 10
7 10
7 11
8 12
8 13
9 12
10 13
11 12
11 13
0 0
14
0 1
0 2
0 3
1 4
1 5
2 4
2 6
3 5
3 7
4 8
5 9
6 10
6 11
7 10
7 11
8 12
8 13
9 12
9 13
10 12
11 13
0 0
14
0 1
0 2
0 3
1 4
1 5
2 4
2 6
3 7
3 8
4 9
5 10
5 11
6 10
6 12
7 9
7 10
8 11
8 12
9 13
11 13
12 13
0 0
14
0 1
0 2
0 3
1 4
1 5
2 6
2 7
3 8
3 9
4 10
4 11
5 12
5 13
6 10
6 12
7 11
7 13
8 10
8 13
9 11
9 12
0 0
14
0 1
0 2
0 3
1 4
1 5
2 4
2 6
3 7
3 8
4 9
5 10
5 11
6 10
6 12
7 9
7 11
8 10
8 12
9 13
11 13
12 13
0 0
3
0 1
1 2
2 0
0 0
4
0 1
1 2
2 3
3 0
0 0
5
0 1
4 0
1 2
2 3
3 4
0 0
6
0 1
4 5
1 2
2 3
3 4
5 0
0 0
7
0 1
4 5
1 2
2 3
3 4
5 6
6 0
0 0
8
0 1
3 4
1 2
2 3
4 5
5 6
6 7
7 0
0 0
9
0 1
3 4
1 2
2 3
4 5
5 6
6 7
7 8
0 8
0 0
0

